10001100000000110000000010001000
10001100000001000000000010001100
00000000000000110000100000100000
00000000001001000010000000100000
00000000001001000010000000100000
10101100000001000000000010000000
00000100100000001111111111111101
11000000000000010000000000000100
00000000000000000000000000001101
11111111111111111111111111111011
00000000000000000000000000000000
00000000000000000000000000000001
00000000000000000000000000000011
00000000000000000000000000000111
00000000000000000000000000000000
00000000000000000000000000000000
00000000000000000000000000000100
00000000000000000000000000000011
00000000000000000000000000000010
11111111111111111111111111110000
00000000000000000000000000000000
00000000000000000000000000000000
00000000000000000000000000000000
00000000000000000000000000000000
00000000000000000000000000000000
00000000000000000000000000000000
00000000000000000000000000000000
00000000000000000000000000000000
00000000000000000000000000000000
00000000000000000000000000000000
00000000000000000000000000000000
00000000000000000000000000000000
00000000000000000000000000000000